image: map.pgm
resolution: 0.02500000
origin: [-6.4, -3.4, 0.000000]
negate: 0
occupied_thresh: 0.65
free_thresh: 0.196
